lecturer
student001
student002
student003
student004
student005
student006
student007
student008
student009
student010

type:document
aim	aspect	compon	comput	creat	deal	environ	hardwar	interfac	network	part	peripher	purpos	realiti	relat	scienc	softwar	studi	technolog	understand	world	
lecturer	comput[3]-(2.0)	creat[4]-(1.0)	hardwar[7]-(1.0)	network[9]-(1.0)	purpos[12]-(1.0)	scienc[15]-(1.0)	softwar[16]-(1.0)	studi[17]-(1.0)	
student001	comput[3]-(1.0)	creat[4]-(1.0)	network[9]-(1.0)	purpos[12]-(1.0)	studi[17]-(1.0)	compon[2]-(1.0)	
student002	comput[3]-(1.0)	creat[4]-(1.0)	hardwar[7]-(1.0)	purpos[12]-(1.0)	softwar[16]-(1.0)	studi[17]-(1.0)	realiti[13]-(1.0)	
student003	comput[3]-(1.0)	creat[4]-(1.0)	hardwar[7]-(1.0)	network[9]-(1.0)	softwar[16]-(1.0)	studi[17]-(1.0)	environ[6]-(1.0)	
student004	comput[3]-(1.0)	creat[4]-(1.0)	network[9]-(1.0)	studi[17]-(1.0)	technolog[18]-(1.0)	
student005	comput[3]-(1.0)	creat[4]-(1.0)	network[9]-(1.0)	purpos[12]-(1.0)	studi[17]-(1.0)	aim[0]-(1.0)	part[10]-(1.0)	
student006	comput[3]-(2.0)	scienc[15]-(1.0)	studi[17]-(1.0)	peripher[11]-(1.0)	
student007	comput[3]-(3.0)	scienc[15]-(2.0)	aspect[1]-(1.0)	deal[5]-(1.0)	world[20]-(1.0)	
student008	comput[3]-(2.0)	realiti[13]-(1.0)	environ[6]-(1.0)	world[20]-(1.0)	interfac[8]-(1.0)	relat[14]-(1.0)	understand[19]-(1.0)	
student009	comput[3]-(1.0)	creat[4]-(1.0)	hardwar[7]-(1.0)	network[9]-(1.0)	purpos[12]-(1.0)	softwar[16]-(1.0)	studi[17]-(1.0)	
student010	comput[3]-(1.0)	creat[4]-(1.0)	hardwar[7]-(1.0)	network[9]-(1.0)	purpos[12]-(1.0)	softwar[16]-(1.0)	studi[17]-(1.0)	

U
0.024900779101904892 -0.04907620911074035 0.019313592784373255 0.26991738025333467 0.2476257481128332 -0.06326758842167998 -0.5056423536517072 0.06292099947319514 0.10042625102618027 -0.058979942323058816 0.41251544338275414 
0.052272576145024674 0.1357893224490668 0.11474837548418008 -0.039181795292014654 0.07063323565983429 -0.2800306778033393 0.05092141460878644 0.14256163764880314 0.25361787120359414 0.3658759398478977 0.26490070691382456 
0.024603399228086655 -0.04666502147271631 0.016128873958177522 0.195342188893577 0.08873888131433905 -0.004438549830082101 0.5359290681655724 -0.3918049298344117 0.38859752402328157 -0.13515579335204173 -0.053429270359484984 
0.820234506023911 0.31125859379579895 -0.1223470161158597 0.0885145405021812 -0.028086300819257243 0.08652945793170327 0.01271001484086694 -0.004087050099334101 -0.05277512809623297 0.08562366790930806 0.13840454511539435 
0.2267026385310736 -0.39905157205587555 0.025023522168612887 0.11188531377132185 -0.028819388008769407 -0.15770985007551272 0.10247476582095774 0.25134040626736165 0.216948277913313 -0.2169073524533363 0.10987209401437265 
0.052272576145024695 0.13578932244906713 0.1147483754841798 -0.039181795292014585 0.07063323565983431 -0.28003067780333946 0.050921414608786436 0.14256163764880328 0.25361787120359414 0.3658759398478968 -0.32686779353220063 
0.05819627956236807 0.005709694672460655 -0.3885263881747525 -0.06102001563614869 -0.31649186885067404 -0.16966541729476703 -0.23990509433439552 -0.2897857272094666 0.43103548595871477 -0.2163874121229724 0.07788262982135649 
0.15471685500977814 -0.2720090065845146 -0.013725235386933626 -0.5424276221068615 -0.03409182299094726 -0.06016373658493863 -0.11272666851183487 -0.01337535668879414 -0.038945493492021394 0.056994238822836246 -0.3339879145899146 
0.031641353653559204 0.06075449006652155 -0.33248160573098184 0.038909794578167504 0.03554355238913589 -0.014477623169257155 0.012938652956833913 -0.08387811878184367 -0.23571173735005285 -0.03635968177675697 -0.17348952265961012 
0.20041944649338758 -0.34562412064566966 0.0817211466287775 0.2839894508990727 -0.2696041670874152 -0.3980244434637386 -0.004060925469118028 -0.23167943778635836 -0.2769173242559365 0.008077621550501042 -0.017949095464517117 
0.02490077910190536 -0.04907620911074056 0.019313592784372956 0.2699173802533349 0.24762574811283314 -0.06326758842168008 -0.5056423536517073 0.06292099947319511 0.10042625102618165 -0.05897994232305522 -0.4659447137422395 
0.03557957287961366 0.05389445441674645 0.06624196616508818 0.047751083809250534 -0.14791262062219615 0.555491763822561 -0.12960700687509868 -0.1829194375213682 0.001029234358326765 0.3629531069753414 0.11637635801172758 
0.17766610743096134 -0.3127054417739105 0.07776201379938703 0.022761757254366556 0.6543082276760349 0.027317919288808987 0.17040379329325941 -0.13635167862238737 -0.21666894175132537 0.042886233493954325 0.07788262982135619 
0.05792454569124511 0.007327038656315735 -0.38917923019114664 -0.13319434254958334 0.27632833146778174 0.22583697021896906 0.1194743442469097 0.39914172527187675 0.2581538648191973 -0.26134465578059496 -0.01794909546451727 
0.031641353653559204 0.06075449006652155 -0.33248160573098184 0.038909794578167504 0.03554355238913589 -0.014477623169257204 0.012938652956833956 -0.08387811878184365 -0.23571173735005285 -0.03635968177675696 -0.07486340015081773 
0.24809830403814495 0.40246546438884045 0.4997810320859064 -0.18322725979952462 0.020936448506160305 -0.039075983036198234 -0.054571125686956976 -0.061381621032535166 -0.04860641245505156 -0.5071147455049849 -0.1509867764895218 
0.15471685500977814 -0.2720090065845146 -0.013725235386933626 -0.5424276221068615 -0.034091822990947145 -0.06016373658493843 -0.11272666851183488 -0.01337535668879415 -0.03894549349202142 0.056994238822836225 0.2805586442304296 
0.26228221141068725 -0.34515711763912904 0.09126548833370104 0.15963639758057235 -0.1767320086309656 0.3977819137470485 -0.02713224105414084 0.06842096874599353 0.2179775122716403 0.14604575452200508 -0.31769205999775496 
0.022481605191303378 -0.03130133488790376 0.003306290812996073 0.18905336673127157 -0.33109219444499427 -0.02983997523881155 0.1849147198189278 0.5935996933173718 -0.2331300036441289 -0.07976585560107528 0.02445335946187078 
0.031641353653559204 0.06075449006652155 -0.33248160573098184 0.038909794578167504 0.03554355238913589 -0.014477623169257204 0.012938652956833956 -0.08387811878184365 -0.23571173735005285 -0.03635968177675696 -0.07486340015081773 
0.08391392979858385 0.1965438125155888 -0.21773323024680225 -2.7200071384707726E-4 0.10617678804897016 -0.29450830097259667 0.06386006756562032 0.05868351886695964 0.01790613385354137 0.32951625807113966 -0.13934861536765036 

S
9.20510230025653 0.0 0.0 0.0 0.0 0.0 0.0 0.0 0.0 0.0 0.0 
0.0 4.620989299254237 0.0 0.0 0.0 0.0 0.0 0.0 0.0 0.0 0.0 
0.0 0.0 2.6579047679376933 0.0 0.0 0.0 0.0 0.0 0.0 0.0 0.0 
0.0 0.0 0.0 2.149278738746727 0.0 0.0 0.0 0.0 0.0 0.0 0.0 
0.0 0.0 0.0 0.0 1.5995322952626845 0.0 0.0 0.0 0.0 0.0 0.0 
0.0 0.0 0.0 0.0 0.0 1.4406416212656399 0.0 0.0 0.0 0.0 0.0 
0.0 0.0 0.0 0.0 0.0 0.0 1.218794916162449 0.0 0.0 0.0 0.0 
0.0 0.0 0.0 0.0 0.0 0.0 0.0 1.0669448248605862 0.0 0.0 0.0 
0.0 0.0 0.0 0.0 0.0 0.0 0.0 0.0 0.8071585895882418 0.0 0.0 
0.0 0.0 0.0 0.0 0.0 0.0 0.0 0.0 0.0 0.4751206517000596 0.0 
0.0 0.0 0.0 0.0 0.0 0.0 0.0 0.0 0.0 0.0 4.4006769314826037E-17 

V
0.4229652719113747 0.2264768068285903 0.24193947148418685 0.2444408095663185 0.20694547565992596 0.2292142189891289 0.32751360815627656 0.4811744109129016 0.2912618972996081 0.25741946248854225 0.25741946248854225 
-0.10916625593401147 -0.21563856487489122 -0.24688768125298602 -0.2543614104955938 -0.14464313356937628 -0.22678063714869487 0.24904569714893024 0.6274810059901215 0.2807458484790431 -0.3232676805226114 -0.3232676805226114 
0.21023244474669583 0.04286901099490561 -0.15069688638341247 -0.14896169447532773 0.008787806116051044 0.05133369034759176 0.1760648377077551 0.304990254312506 -0.8837044451239564 0.026472883768022926 0.026472883768022926 
-0.2295600304336839 0.41984481336921287 -0.3698997627790261 -0.21477701646062536 0.40632838160401014 0.5801276865967091 0.10263038918333527 -0.08421259956705386 0.0836279942158582 -0.1757956729149438 -0.1757956729149438 
0.035747124598811277 0.14194070650776772 0.385143030343985 -0.5630920253494791 -0.5295926577241606 0.39608538124505965 -0.23659101356214024 0.11298014155680468 0.05685305993478394 0.04383544926414172 0.04383544926414172 
-0.0356377215489689 -0.006394359623278257 0.34620720543260713 -0.22356999532961322 -0.042988710306568076 -0.09114592115737642 0.8002645552330446 -0.4034238496747194 -0.020857066514631633 -0.08683693578457488 -0.08683693578457488 
-0.016044419336971386 0.6531876237038782 0.1298451589341968 -0.30816467378201345 0.22537312043891286 -0.6162743300271161 -0.15796436107840198 0.06206276124898937 0.015769564445779368 0.028486621843316674 0.028486621843316674 
-0.15816395797291072 -0.41803424224169033 0.5153555229180841 -0.21969205721127258 0.6333381208238011 0.06713323476298123 -0.19516494722983282 0.15210540151304044 -0.08949332475332954 -0.0758851376668367 -0.0758851376668367 
-0.43967525427477655 0.3136598294081151 0.3986278628930796 0.5381707483777813 -0.18817288493209677 0.08105991113592748 8.307553530226118E-4 0.2047098432150653 -0.19025675346886275 -0.2642792732969611 -0.2642792732969611 
-0.7008224629647728 -0.06421530861846099 -0.10689500747142434 -0.08553489256617654 -0.037898405296595786 -0.02802258863376197 0.1724465167226856 0.17383521498190438 -0.017275235701379517 0.4601657514475144 0.4601657514475144 
-0.0 2.7755575615628914E-17 6.186600195880296E-17 1.4298431298350248E-17 -5.459537275097415E-17 4.985533856498781E-17 5.133592950553741E-17 7.713626240600032E-18 7.104687440298435E-18 0.7071067811865475 -0.7071067811865476 

A
1.0 0.0 0.0 0.0 0.0 0.0 0.0 0.0 0.0 0.0 0.0 
0.0 1.0 0.0 0.0 0.0 0.0 0.0 0.0 0.0 0.0 0.0 
0.0 0.5828467597554767 1.088629003191775 0.0 0.0 0.0 0.0 0.0 0.0 0.0 0.0 
0.721865726977454 -0.01160025214485566 0.1171013285764475 1.0800961907397073 0.0 0.0 0.0 0.0 0.0 0.0 0.0 
0.2481413436484998 0.28743579320294427 -0.2140471874909823 -0.1464062326618544 1.1427255381022634 0.0 0.0 0.0 0.0 0.0 0.0 
0.0 0.0 -0.0 -0.0 0.0 1.0 0.0 0.0 0.0 0.0 0.0 
0.0 0.0 -0.0 -0.6233872791492537 -0.13515440011152655 -0.2577721320299372 1.3897677618436548 0.0 0.0 0.0 0.0 
0.2481413436484998 -0.29541096655253246 -0.30267619068275725 -0.20702762467351027 -0.26171471466122737 -0.4786417319893781 -0.17491235132989522 1.2627006346391412 0.0 0.0 0.0 
0.0 0.0 -0.0 -0.0 0.0 0.0 0.0 0.0 1.4251980400697097 0.0 0.0 
0.2481413436484998 0.28743579320294427 0.3831833540790649 -0.3612935233421946 0.24294255649441066 -0.037367623401493 -0.2730409505331383 -0.03757144780643072 0.2772520734335767 1.3349567002995162 0.0 
0.0 0.0 -0.0 -0.0 0.0 0.6285203236694569 0.04765744731891272 -0.22833614425417614 0.09344903771161411 -0.23893419670752244 1.2580794361716041 
0.0 0.0 -0.0 -0.0 0.0 0.0 0.5346524363396752 -0.5287012071839354 -0.25041885802502145 0.46491577171357157 -0.5161588723432083 
0.2481413436484998 0.28743579320294427 -0.2140471874909823 0.47698104648739936 -0.4505920725410371 0.05917324330192625 -0.5055552149257655 -0.27138380613365704 0.13584657905522743 -0.23032452231426281 0.25807943617160417 
0.0 0.0 -0.5972305415700472 0.21488729068034024 -0.10021701839214722 -0.16801256591007965 0.09562646575425303 0.1302168125063592 0.1007841386508584 -0.5942029684471988 0.6882118297909445 
0.0 0.0 -0.0 -0.0 0.0 0.0 0.0 0.0 0.4251980400697097 0.027309177152112264 -0.021506619680967017 
0.3308551248646664 -0.39388128873670997 0.39273913451638665 0.26862981839387096 -0.03512439487673808 -0.07047604539914834 -0.16753885678417035 0.2312207251576563 -0.3522987700893724 -0.26896472105512415 0.17205295744773613 
0.2481413436484998 -0.29541096655253246 -0.30267619068275725 -0.20702762467351027 -0.26171471466122737 -0.4786417319893781 -0.17491235132989522 0.2627006346391412 -0.14451733974409625 0.1627450794220653 -0.17205295744773613 
0.2481413436484998 0.28743579320294427 -0.2140471874909823 -0.1464062326618544 0.1427255381022634 -0.20538018931157273 0.35723795156078986 -0.4360558424840069 -0.2975806860102959 0.17836032641377636 -0.17205295744773613 
0.0 0.0 -0.0 -0.0 0.728472010754827 -0.0067813005835617645 -0.061627031696774574 0.0591566075763268 0.052146186109640974 0.14950932398170863 -0.08602647872386807 
0.0 0.0 -0.0 -0.0 0.0 0.0 0.0 0.0 0.4251980400697097 0.027309177152112264 -0.021506619680967017 
0.0 0.0 -0.0 -0.0 0.0 0.0 0.0 0.43725274608832726 0.21076985288625677 0.23228478669880126 -0.17205295744773613 

R
lecturer,lecturer,1.0
lecturer,student001,0.8279117914364224
lecturer,student002,0.8507442285554285
lecturer,student003,0.8391979335393802
lecturer,student004,0.7735989580312128
lecturer,student005,0.7513914012187097
lecturer,student006,0.8058978005999299
lecturer,student007,0.7591839137834318
lecturer,student008,0.552594097118697
lecturer,student009,0.9028159598531653
lecturer,student010,0.9028159598531653

