lecturer
student001
student002
student003
student004
student005
student006
student007
student008
student009
student010

type:document
aim	aspect	compon	comput	creat	deal	environ	hardwar	interfac	network	part	peripher	purpos	realiti	relat	scienc	softwar	studi	technolog	understand	world	
lecturer	comput[3]-(2.0)	creat[4]-(1.0)	hardwar[7]-(1.0)	network[9]-(1.0)	purpos[12]-(1.0)	scienc[15]-(1.0)	softwar[16]-(1.0)	studi[17]-(1.0)	
student001	comput[3]-(1.0)	creat[4]-(1.0)	network[9]-(1.0)	purpos[12]-(1.0)	studi[17]-(1.0)	compon[2]-(1.0)	
student002	comput[3]-(1.0)	creat[4]-(1.0)	hardwar[7]-(1.0)	purpos[12]-(1.0)	softwar[16]-(1.0)	studi[17]-(1.0)	realiti[13]-(1.0)	
student003	comput[3]-(1.0)	creat[4]-(1.0)	hardwar[7]-(1.0)	network[9]-(1.0)	softwar[16]-(1.0)	studi[17]-(1.0)	environ[6]-(1.0)	
student004	comput[3]-(1.0)	creat[4]-(1.0)	network[9]-(1.0)	studi[17]-(1.0)	technolog[18]-(1.0)	
student005	comput[3]-(1.0)	creat[4]-(1.0)	network[9]-(1.0)	purpos[12]-(1.0)	studi[17]-(1.0)	aim[0]-(1.0)	part[10]-(1.0)	
student006	comput[3]-(2.0)	scienc[15]-(1.0)	studi[17]-(1.0)	peripher[11]-(1.0)	
student007	comput[3]-(3.0)	scienc[15]-(2.0)	aspect[1]-(1.0)	deal[5]-(1.0)	world[20]-(1.0)	
student008	comput[3]-(2.0)	realiti[13]-(1.0)	environ[6]-(1.0)	world[20]-(1.0)	interfac[8]-(1.0)	relat[14]-(1.0)	understand[19]-(1.0)	
student009	comput[3]-(1.0)	creat[4]-(1.0)	hardwar[7]-(1.0)	network[9]-(1.0)	purpos[12]-(1.0)	softwar[16]-(1.0)	studi[17]-(1.0)	
student010	comput[3]-(1.0)	creat[4]-(1.0)	hardwar[7]-(1.0)	network[9]-(1.0)	purpos[12]-(1.0)	softwar[16]-(1.0)	studi[17]-(1.0)	

W
0.43691610053397467 -0.04467973487874169 0.14803637602339342 -0.2415702352377512 0.035724049963881704 -0.03539739423339238 -0.012328876035472232 -0.1525714944264614 -0.43452763204860745 -0.7155861840704176 -0.0 
0.2644492828146634 -0.16174919150568612 0.09652884908706907 0.41263020026607555 0.1394975484942621 -0.004868085405142515 0.6581259281567873 -0.4126284235570789 0.3138138884817975 -0.05447844393383351 5.551115123125783E-17 
0.2911645926423378 -0.17906738462812272 -0.215249711543423 -0.34012176634847613 0.3900503078394226 0.3407706822443703 0.12772987973255054 0.5159438639860553 0.4018268203712991 -0.09434569643788117 6.992838729881765E-17 
0.29555705858284476 -0.18532859474177893 -0.19805397161097765 -0.18087189362374914 -0.5667834393155134 -0.21324853700238616 -0.3060591280410565 -0.22209546605780206 0.5387217026960934 -0.08013273392646207 1.852576882453185E-17 
0.2285344033537026 -0.09507408167229024 0.07260736383836591 0.39620184089565 -0.5322741664091254 -0.033415596286568074 0.22432429430844497 0.637839823958776 -0.18501869489504527 -0.025688122900532254 -5.644375616545463E-17 
0.2695320381928858 -0.17240136564102967 0.11938995982198902 0.5784833086872893 0.39026298192711234 -0.08557928541648653 -0.6145306703865303 0.06482060649721517 0.08162375569564155 -0.02433610600162255 5.244936578057099E-17 
0.2602975784377822 0.29113110867309716 0.22213771109395886 0.05806758363541504 -0.22796150340893845 0.8067648373541896 -0.15558539054422693 -0.20015252129392253 -0.00817078581379501 0.16613333248736517 6.475508160357668E-17 
0.3446430001898309 0.6972831635354375 0.3407956186657554 -0.13817085946694158 0.10910220535271035 -0.40091551300027933 0.05189056170977878 0.14297938616853553 0.19769244238676373 0.15789229032769256 6.7342244064118475E-18 
0.22193394413385198 0.39984360930661894 -0.835412651561054 0.21657874099683164 0.04844244487226515 -0.005615908988618866 0.02425966661750481 -0.08294085198204347 -0.1902730326217248 1.0442158814415542E-4 5.046563194455041E-18 
0.32122912960875977 -0.26060674175913645 -0.011888904647139598 -0.17606030578007972 0.0449673464119093 -0.09232828347332549 0.02523727439004213 -0.07909039986496698 -0.2690478288719527 0.4559954773380895 0.7071067811865475 
0.32122912960875977 -0.26060674175913645 -0.011888904647139598 -0.17606030578007972 0.0449673464119093 -0.09232828347332549 0.02523727439004213 -0.07909039986496698 -0.2690478288719527 0.4559954773380895 -0.7071067811865476 

H
0.0 0.0 0.0 0.0 0.0 1.0 0.0 0.0 0.0 0.0 0.0 
0.0 0.0 0.0 0.0 0.0 0.0 0.0 1.0 0.0 0.0 0.0 
0.0 1.0 0.0 0.0 0.0 0.0 0.0 0.0 0.0 0.0 0.0 
2.0 1.0 1.0 1.0 1.0 1.0 2.0 3.0 2.0 1.0 1.0 
1.0 1.0 1.0 1.0 1.0 1.0 0.0 0.0 0.0 1.0 1.0 
0.0 0.0 0.0 0.0 0.0 0.0 0.0 1.0 0.0 0.0 0.0 
0.0 0.0 0.0 1.0 0.0 0.0 0.0 0.0 1.0 0.0 0.0 
1.0 0.0 1.0 1.0 0.0 0.0 0.0 0.0 0.0 1.0 1.0 
0.0 0.0 0.0 0.0 0.0 0.0 0.0 0.0 1.0 0.0 0.0 
1.0 1.0 0.0 1.0 1.0 1.0 0.0 0.0 0.0 1.0 1.0 
0.0 0.0 0.0 0.0 0.0 1.0 0.0 0.0 0.0 0.0 0.0 
0.0 0.0 0.0 0.0 0.0 0.0 1.0 0.0 0.0 0.0 0.0 
1.0 1.0 1.0 0.0 0.0 1.0 0.0 0.0 0.0 1.0 1.0 
0.0 0.0 1.0 0.0 0.0 0.0 0.0 0.0 1.0 0.0 0.0 
0.0 0.0 0.0 0.0 0.0 0.0 0.0 0.0 1.0 0.0 0.0 
1.0 0.0 0.0 0.0 0.0 0.0 1.0 2.0 0.0 0.0 0.0 
1.0 0.0 1.0 1.0 0.0 0.0 0.0 0.0 0.0 1.0 1.0 
1.0 1.0 1.0 1.0 1.0 1.0 1.0 0.0 0.0 1.0 1.0 
0.0 0.0 0.0 0.0 1.0 0.0 0.0 0.0 0.0 0.0 0.0 
0.0 0.0 0.0 0.0 0.0 0.0 0.0 0.0 1.0 0.0 0.0 
0.0 0.0 0.0 0.0 0.0 0.0 0.0 1.0 1.0 0.0 0.0 

V
0.03666891292352302 -0.04158826136511705 0.047861763663997595 0.27306623756015247 0.24409144231924618 -0.05962135713900796 -0.5046516302448542 0.060823156422434826 0.10136183249241516 -0.055448827319521055 -0.2547205286042041 
0.04688750268203294 0.1682051319186656 0.1366201930432519 -0.06522192804613128 0.06823838257282468 -0.2793097285964637 0.04261244852871255 0.13416192843684968 0.24549799331634795 0.35975115907532795 0.004249744611725351 
0.03597742141985935 -0.03901864481712636 0.03869706438172458 0.1947772296940352 0.08724926367298354 -0.0033914966350875684 0.540451988086826 -0.3871818624750636 0.3896996717070237 -0.1241269178446996 -0.3005900524438345 
0.6617196820111806 0.4992494584399381 -0.022708425141098113 0.07828314056477094 -0.031019675868437346 0.10294080443051003 0.006920516650738965 -0.015662587358798958 -0.07450131789459676 0.018204576538528052 -0.18543982161534142 
0.3304043290928665 -0.32795457596985866 -2.0803725624658547E-4 0.12869218081907585 -0.033516830547565615 -0.15075786833496338 0.10489658514288751 0.25628445484239776 0.22147097991635845 -0.18814681389086355 0.45884716725351987 
0.046887502682032935 0.1682051319186655 0.1366201930432519 -0.06522192804613117 0.06823838257282483 -0.2793097285964641 0.04261244852871216 0.13416192843684957 0.24549799331634803 0.35975115907532784 0.03335573027569908 
0.07040288288008867 0.05174730756507009 -0.4143023026947977 0.016854997060205316 -0.3241983144854736 -0.15247843255474225 -0.2314132792104077 -0.2862249011424818 0.43270975988880456 -0.18234125341269272 0.13399750426630694 
0.22666666997491589 -0.22441301527989777 -0.11587414110203725 -0.5261737024375504 -0.03194466751358797 -0.06446504452467844 -0.11511853411217857 -0.015861442525642942 -0.039831016158432854 0.04995827408519489 0.06701189148473959 
0.0301933548485781 0.09645399540302696 -0.3349052378486895 0.10223344572157565 0.030298508405673278 -0.0039124901994813275 0.01992200047561454 -0.07782593663529785 -0.23628443822583334 2.3792033980496452E-4 -0.2611101005191377 
0.2907923810454346 -0.28475827548701643 0.08608255902166165 0.28924265765106577 -0.2774752550628895 -0.3881659098921898 5.006668102335859E-6 -0.2278414433897879 -0.27752471698969194 0.026816016636548316 0.11482125568816824 
0.03666891292352329 -0.04158826136511715 0.04786176366399762 0.27306623756015286 0.24409144231924593 -0.059621357139007784 -0.504651630244854 0.060823156422434875 0.10136183249241629 -0.05544882731951994 -0.04586952383963021 
0.035412596223935444 0.07022935458773184 0.08905189887904016 0.027410119444092322 -0.14257937528582657 0.5620567437668894 -0.12776648060712867 -0.18780922871383526 -0.01014662724020521 0.3785280383186259 0.4070758747641604 
0.259103476286788 -0.26031323362418424 0.050081751789792656 0.027048213478007423 0.6538928613697881 0.021088044056487718 0.17201710341581636 -0.1338211840710876 -0.2177637100736306 0.0529617026734732 0.1339975042663072 
0.06980530289601 0.05325769492018449 -0.4211958341265981 -0.05831703111041432 0.2742569329209967 0.23349555135774502 0.12481357895039964 0.4062999615968877 0.2627112586802171 -0.21472491018760748 0.11482125568816819 
0.0301933548485781 0.09645399540302696 -0.3349052378486895 0.10223344572157565 0.030298508405673278 -0.003912490199481307 0.019922000475614765 -0.07782593663529791 -0.23628443822583334 2.3792033980496452E-4 0.11766831853371437 
0.18862854431518958 0.39586155709734555 0.42163799589023543 -0.21706412309541726 0.01624113058078379 -0.021223362005989864 -0.052666037364962004 -0.06264786865361498 -0.058754787435431305 -0.532403647644172 0.18543982161534184 
0.22666666997491589 -0.22441301527989777 -0.11587414110203725 -0.5261737024375504 -0.031944667513587925 -0.06446504452467827 -0.11511853411217858 -0.015861442525643053 -0.03983101615843279 0.04995827408519489 -0.36760194392857426 
0.36581692531680193 -0.25772522138212695 0.08884386162279365 0.1561023002631681 -0.17609620583339222 0.41129887543192595 -0.022869895464241372 0.06847522612856263 0.21132435267615315 0.19038122442776245 -0.22163605314881923 
0.031091324774567986 -0.022934654507717516 0.02910727580006859 0.18702241600243846 -0.3329128690262072 -0.02327997003619012 0.1842147614130937 0.598504603420669 -0.22975950812464838 -0.058529342811839045 -0.1665925481775271 
0.0301933548485781 0.09645399540302696 -0.3349052378486895 0.10223344572157565 0.030298508405673278 -0.003912490199481307 0.019922000475614765 -0.07782593663529791 -0.23628443822583334 2.3792033980496452E-4 0.11766831853371437 
0.07708085753061107 0.26465912732169256 -0.19828504480543774 0.037011517675444514 0.09853689097849785 -0.28322221879594495 0.06253444900432724 0.056335991801551535 0.009213555090514578 0.35998907941513303 0.1478343467279165 

R
lecturer,lecturer,0.9999999999999996
lecturer,student001,0.7385489458759967
lecturer,student002,0.7977240352174654
lecturer,student003,0.7977240352174657
lecturer,student004,0.6741998624632429
lecturer,student005,0.6837634587578286
lecturer,student006,0.6837634587578273
lecturer,student007,0.6030226891555267
lecturer,student008,0.38138503569823673
lecturer,student009,0.911684611677103
lecturer,student010,0.911684611677103

